REST:0.7815420560747663
EMOTION:0.3469626168224299
GAMBLING:0.5689252336448598
LANGUAGE:0.7126168224299065
MOTOR:0.4264018691588785
RELATIONAL:0.5058411214953271
SOCIAL:0.6378504672897196
WM:0.6261682242990654
