REST:0.9591121495327103
EMOTION:0.669392523364486
GAMBLING:0.8866822429906542
LANGUAGE:0.9497663551401869
MOTOR:0.8341121495327103
RELATIONAL:0.866822429906542
SOCIAL:0.9147196261682243
WM:0.9030373831775701