REST: 0.9976635514018692
EMOTION: 0.7978971962616823
LANGUAGE:0.977803738317757
GAMBLING:0.9602803738317758
MOTOR:0.9439252336448598
RELATIONAL:0.941588785046729
SOCIAL:0.9684579439252337
WM: 0.977803738317757