REST:0.9264018691588785
EMOTION:0.5665887850467289
GAMBLING:0.8072429906542056
LANGUAGE:0.889018691588785
MOTOR:0.6939252336448598
RELATIONAL:0.7546728971962617
SOCIAL:0.8282710280373832
WM:0.8212616822429906