REST:0.9813084112149533
EMOTION:0.719626168224299
LANGUAGE:0.9579439252336448
GAMBLING:0.9158878504672897
MOTOR:0.8878504672897196
RELATIONAL:0.8995327102803738
SOCIAL:0.9439252336448598
WM: 0.9369158878504673