REST:0.8422897196261683
EMOTION:0.1542056074766355
GAMBLING:0.40654205607476634
LANGUAGE:0.6810747663551402
MOTOR:0.3960280373831776
RELATIONAL:0.33644859813084116
SOCIAL:0.5268691588785046
WM:0.6191588785046729