REST:0.9918224299065421
EMOTION:0.7605140186915889
LANGUAGE: 0.9649532710280373
GAMBLING:0.9485981308411215
MOTOR: 0.9240654205607477
RELATIONAL:0.9240654205607477
SOCIAL: 0.9637850467289719
WM: 0.9661214953271028