REST:0.9964953271028038
EMOTION:0.7745327102803738
LANGUAGE:0.9754672897196262
GAMBLING:0.9532710280373832
MOTOR: 0.9404205607476636
RELATIONAL:0.9380841121495327
SOCIAL:0.9731308411214954
WM:0.9731308411214954