REST:0.9883177570093458
EMOTION:0.7383177570093458
LANGUAGE:0.9661214953271028
GAMBLING:0.9322429906542056
MOTOR:0.9077102803738317
RELATIONAL:0.9123831775700935
SOCIAL:0.9521028037383178
WM:0.9532710280373833