REST:0.9941588785046729
EMOTION: 0.766355140186916
LANGUAGE: 0.9731308411214954
GAMBLING: 0.9509345794392523
MOTOR: 0.9380841121495327
RELATIONAL: 0.9322429906542056
SOCIAL: 0.9707943925233644
WM:0.9684579439252337