REST:0.9357476635514019,best alpha .001.
EMOTION:
GAMBLING:0.47079439252336447,best alpha .6.
LANGUAGE:0.6904205607476636,best alpha .001.
MOTOR:0.375,best alpha .001.
RELATIONAL:
SOCIAL:
WM:0.8177570093457944, best alpha .01.